1388731167 4053096
1388731171 4052948
1388731227 4053524
1388731287 4053792
1388731347 4053712
1388731407 4054268
1388731467 4054548
1388731527 4054816
1388731587 4055244
1388731647 4055316
1388731707 4055696
1388731767 4055852
1388731827 4056108
1388731887 4056348
1388731947 4050020
1388732007 4050336
1388732067 4050516
1388732127 4050684
1388732187 4051028
1388732247 4051496
1388732307 4051652
1388732367 4051908
1388732427 4052368
1388732487 4052648
1388732547 4052880
1388732607 4048588
1388732667 4048888
1388732727 4049276
1388732787 4049368
1388732847 4049720
1388732907 4049980
1388732967 4050032
1388733027 4050560
1388733087 4050920
1388733147 4051056
1388733207 4051524
1388733267 4051892
1388733327 4051888
1388733387 4052488
1388733447 4052544
1388733507 4053044
1388733567 4053380
1388733627 4053360
1388733687 4053832
1388733747 4053956
1388733807 4054228
1388733867 4054348
1388733927 4054820
1388733987 4055044
1388734047 4055296
1388734107 4055584
1388734167 4055984
1388734227 4056260
1388734287 4056500
1388734347 4056708
1388734407 4052608
1388734467 4052796
1388734527 4053080
1388734587 4053548
1388734647 4053568
1388734707 4053976
1388734767 4054128
1388734827 4054560
1388734887 4054684
1388734947 4054912
1388735007 4055352
1388735067 4055740
1388735127 4055960
1388735187 4056456
1388735247 4056384
1388735307 4060596
1388735367 4064084
1388735427 4061464
1388735487 4064784
1388735547 4065040
1388735607 4058088
1388735667 4062392
1388735727 4065784
1388735787 4066104
1388735847 4066412
1388735907 4066728
1388735967 4067060
1388736027 4067516
1388736087 4067620
1388736147 4067912
1388736207 4068204
1388736267 4063976
1388736327 4064300
1388736387 4057820
1388736447 4057904
1388736507 4058048
1388736567 4058260
1388736627 4058324
1388736687 4058892
1388736747 4058940
1388736807 4059772
1388736867 4059576
1388736927 4059900
1388736987 4060312
1388737047 4060416
1388737107 4060788
1388737167 4061192
1388737227 4061260
1388737287 4061408
1388737347 4069592
1388737407 4069952
1388737467 4069896
1388737527 4062620
1388737587 4062968
1388737647 4063192
1388737707 4063400
1388737767 4063772
1388737827 4063860
1388737887 4064116
1388737947 4064536
1388738007 4064832
1388738067 4065200
1388738127 4060936
1388738187 4061428
1388738247 4061280
1388738307 4061904
1388738367 4061804
1388738427 4062028
1388738487 4062352
1388738547 4062728
1388738607 4063320
1388738667 4063156
1388738727 4063556
1388738787 4063716
1388738847 4064012
1388738907 4064212
1388738967 4064704
1388739027 4064956
1388739087 4065096
1388739147 4073228
1388739207 4073544
1388739267 4073732
1388739327 4074076
1388739387 4074332
1388739447 4074536
1388739507 4074856
1388739567 4075092
1388739867 4076524
1388739927 4076940
1388739987 4072580
1388740047 4072848
1388740107 4073044
1388740167 4073504
1388740227 4073620
1388740287 4073936
1388740347 4074324
1388740407 4074576
1388741067 4078040
1388741127 4077892
1388741187 4078168
1388741247 4078412
1388741307 4078668
1388741367 4078916
1388741427 4079104
1388741487 4079336
1388741547 4079784
1388741607 4079964
1388741667 4080140
1388741727 4080452
1388741787 4080748
1388741847 4076452
1388741907 4076620
1388741967 4077028
1388742027 4077220
1388742087 4077504
1388742147 4077936
1388742207 4078096
1388742267 4078420
1388742327 4078584
1388742387 4078888
1388742447 4079288
1388742493 4079412
1388742553 4079652
1388742613 4079904
1388742673 4072868
1388742733 4072820
1388742793 4072908
1388742853 4073004
1388742913 4073480
1388742973 4073712
1388743033 4074048
1388743093 4074300
1388743153 4074620
1388743213 4074740
