1388731167 432636
1388731171 432636
1388731227 432636
1388731287 432636
1388731347 432636
1388731407 432636
1388731467 432636
1388731527 432636
1388731587 432636
1388731647 432636
1388731707 432636
1388731767 432636
1388731827 432636
1388731887 432636
1388731947 432636
1388732007 432636
1388732067 432636
1388732127 432636
1388732187 432636
1388732247 432636
1388732307 432636
1388732367 432636
1388732427 432636
1388732487 432636
1388732547 432636
1388732607 432636
1388732667 432636
1388732727 432636
1388732787 432636
1388732847 432636
1388732907 432636
1388732967 432636
1388733027 432636
1388733087 432636
1388733147 432636
1388733207 432636
1388733267 432636
1388733327 432636
1388733387 432636
1388733447 432636
1388733507 432636
1388733567 432636
1388733627 432636
1388733687 432636
1388733747 432636
1388733807 432636
1388733867 432636
1388733927 432636
1388733987 432636
1388734047 432636
1388734107 432636
1388734167 432636
1388734227 432636
1388734287 432636
1388734347 432636
1388734407 432636
1388734467 432636
1388734527 432636
1388734587 432636
1388734647 432636
1388734707 432636
1388734767 432636
1388734827 432636
1388734887 432636
1388734947 432636
1388735007 432636
1388735067 432636
1388735127 432636
1388735187 432636
1388735247 432636
1388735307 432640
1388735367 432640
1388735427 432640
1388735487 432640
1388735547 432640
1388735607 432640
1388735667 432640
1388735727 432640
1388735787 432640
1388735847 432640
1388735907 432640
1388735967 432640
1388736027 432640
1388736087 432640
1388736147 432640
1388736207 432640
1388736267 432640
1388736327 432640
1388736387 432640
1388736447 432640
1388736507 432640
1388736567 432640
1388736627 432640
1388736687 432640
1388736747 432640
1388736807 432640
1388736867 432640
1388736927 432640
1388736987 432640
1388737047 432640
1388737107 432640
1388737167 432640
1388737227 432640
1388737287 432640
1388737347 432640
1388737407 432640
1388737467 432640
1388737527 432640
1388737587 432640
1388737647 432640
1388737707 432640
1388737767 432640
1388737827 432640
1388737887 432640
1388737947 432640
1388738007 432640
1388738067 432640
1388738127 432640
1388738187 432640
1388738247 432640
1388738307 432640
1388738367 432640
1388738427 432640
1388738487 432640
1388738547 432640
1388738607 432640
1388738667 432640
1388738727 432640
1388738787 432640
1388738847 432640
1388738907 432640
1388738967 432640
1388739027 432640
1388739087 432640
1388739147 432640
1388739207 432640
1388739267 432640
1388739327 432640
1388739387 432640
1388739447 432640
1388739507 432640
1388739567 432640
1388739867 432640
1388739927 432640
1388739987 432640
1388740047 432640
1388740107 432640
1388740167 432640
1388740227 432640
1388740287 432640
1388740347 432640
1388740407 432640
1388741067 432640
1388741127 432640
1388741187 432640
1388741247 432640
1388741307 432640
1388741367 432640
1388741427 432640
1388741487 432640
1388741547 432640
1388741607 432640
1388741667 432640
1388741727 432640
1388741787 432640
1388741847 432640
1388741907 432640
1388741967 432640
1388742027 432640
1388742087 432640
1388742147 432640
1388742207 432640
1388742267 432640
1388742327 432640
1388742387 432640
1388742447 432640
1388742493 432640
1388742553 432640
1388742613 432640
1388742673 432640
1388742733 432640
1388742793 432640
1388742853 432640
1388742913 432640
1388742973 432640
1388743033 432640
1388743093 432640
1388743153 432640
1388743213 432640
