1388731167 3793456
1388731171 3793460
1388731227 3793760
1388731287 3794076
1388731347 3794312
1388731407 3794480
1388731467 3794792
1388731527 3795096
1388731587 3795400
1388731647 3795508
1388731707 3795816
1388731767 3796116
1388731827 3796420
1388731887 3796720
1388731947 3797016
1388732007 3797348
1388732067 3797648
1388732127 3797944
1388732187 3798184
1388732247 3798356
1388732307 3798664
1388732367 3798972
1388732427 3799284
1388732487 3799620
1388732547 3799920
1388732607 3800020
1388732667 3800324
1388732727 3800640
1388732787 3800952
1388732847 3801068
1388732907 3801356
1388732967 3801680
1388733027 3801916
1388733087 3802276
1388733147 3802512
1388733207 3802680
1388733267 3802984
1388733327 3803284
1388733387 3803584
1388733447 3803700
1388733507 3804000
1388733567 3804312
1388733627 3804632
1388733687 3804948
1388733747 3805228
1388733807 3805336
1388733867 3805668
1388733927 3805968
1388733987 3806272
1388734047 3806380
1388734107 3806688
1388734167 3806988
1388734227 3807304
1388734287 3807608
1388734347 3807904
1388734407 3808256
1388734467 3808572
1388734527 3808856
1388734587 3809192
1388734647 3809300
1388734707 3809604
1388734767 3809928
1388734827 3810164
1388734887 3810444
1388734947 3810644
1388735007 3810932
1388735067 3811236
1388735127 3811520
1388735187 3811820
1388735247 3811932
1388735307 3820448
1388735367 3820748
1388735427 3821056
1388735487 3821352
1388735547 3821656
1388735607 3821760
1388735667 3822116
1388735727 3822416
1388735787 3822732
1388735847 3822840
1388735907 3823164
1388735967 3823468
1388736027 3823768
1388736087 3824068
1388736147 3824368
1388736207 3824476
1388736267 3824776
1388736327 3825072
1388736387 3825392
1388736447 3825504
1388736507 3825820
1388736567 3826128
1388736627 3826228
1388736687 3826528
1388736747 3826832
1388736807 3827180
1388736867 3827480
1388736927 3827780
1388736987 3828060
1388737047 3828176
1388737107 3828480
1388737167 3828780
1388737227 3829104
1388737287 3829404
1388737347 3829708
1388737407 3829812
1388737467 3830108
1388737527 3830412
1388737587 3830676
1388737647 3830788
1388737707 3831096
1388737767 3831392
1388737827 3831488
1388737887 3831808
1388737947 3832108
1388738007 3832420
1388738067 3832720
1388738127 3833000
1388738187 3833320
1388738247 3833428
1388738307 3833716
1388738367 3834036
1388738427 3834132
1388738487 3834436
1388738547 3834740
1388738607 3835076
1388738667 3835404
1388738727 3835676
1388738787 3836036
1388738847 3836152
1388738907 3836456
1388738967 3836752
1388739027 3837076
1388739087 3837376
1388739147 3837640
1388739207 3837800
1388739267 3838096
1388739327 3838364
1388739387 3838600
1388739447 3838772
1388739507 3839116
1388739567 3839440
1388739867 3840760
1388739927 3840996
1388739987 3841312
1388740047 3841468
1388740107 3841708
1388740167 3842000
1388740227 3842148
1388740287 3842460
1388740347 3842764
1388740407 3843088
1388741067 3845836
1388741127 3846136
1388741187 3846436
1388741247 3846768
1388741307 3847036
1388741367 3847188
1388741427 3847504
1388741487 3847808
1388741547 3848120
1388741607 3848452
1388741667 3848560
1388741727 3848844
1388741787 3849160
1388741847 3849496
1388741907 3849732
1388741967 3849896
1388742027 3850200
1388742087 3850500
1388742147 3850800
1388742207 3851120
1388742267 3851224
1388742327 3851528
1388742387 3851824
1388742447 3852144
1388742493 3852232
1388742553 3852552
1388742613 3852868
1388742673 3853256
1388742733 3853536
1388742793 3862028
1388742853 3862136
1388742913 3862448
1388742973 3862772
1388743033 3863068
1388743093 3863180
1388743153 3863504
1388743213 3863820
