1388731167 4153328
1388731171 4153328
1388731227 4153328
1388731287 4153328
1388731347 4153328
1388731407 4153328
1388731467 4153328
1388731527 4153328
1388731587 4153328
1388731647 4153328
1388731707 4153328
1388731767 4153328
1388731827 4153328
1388731887 4153328
1388731947 4153328
1388732007 4153328
1388732067 4153328
1388732127 4153328
1388732187 4153328
1388732247 4153328
1388732307 4153328
1388732367 4153328
1388732427 4153328
1388732487 4153328
1388732547 4153328
1388732607 4153328
1388732667 4153328
1388732727 4153328
1388732787 4153328
1388732847 4153328
1388732907 4153328
1388732967 4153328
1388733027 4153328
1388733087 4153328
1388733147 4153328
1388733207 4153328
1388733267 4153328
1388733327 4153328
1388733387 4153328
1388733447 4153328
1388733507 4153328
1388733567 4153328
1388733627 4153328
1388733687 4153328
1388733747 4153328
1388733807 4153328
1388733867 4153328
1388733927 4153328
1388733987 4153328
1388734047 4153328
1388734107 4153328
1388734167 4153328
1388734227 4153328
1388734287 4153328
1388734347 4153328
1388734407 4153328
1388734467 4153328
1388734527 4153332
1388734587 4153332
1388734647 4153332
1388734707 4153332
1388734767 4153332
1388734827 4153332
1388734887 4153332
1388734947 4153332
1388735007 4153332
1388735067 4153332
1388735127 4153332
1388735187 4153332
1388735247 4153332
1388735307 4153332
1388735367 4153332
1388735427 4153332
1388735487 4153332
1388735547 4153332
1388735607 4153332
1388735667 4153332
1388735727 4153332
1388735787 4153332
1388735847 4153332
1388735907 4153332
1388735967 4153332
1388736027 4153332
1388736087 4153332
1388736147 4153332
1388736207 4153332
1388736267 4153332
1388736327 4153332
1388736387 4153332
1388736447 4153332
1388736507 4153332
1388736567 4153332
1388736627 4153332
1388736687 4153332
1388736747 4153332
1388736807 4153332
1388736867 4153332
1388736927 4153332
1388736987 4153332
1388737047 4153332
1388737107 4153332
1388737167 4153332
1388737227 4153332
1388737287 4153332
1388737347 4153332
1388737407 4153332
1388737467 4153332
1388737527 4153332
1388737587 4153332
1388737647 4153332
1388737707 4153332
1388737767 4153332
1388737827 4153332
1388737887 4153332
1388737947 4153332
1388738007 4153332
1388738067 4153332
1388738127 4153332
1388738187 4153332
1388738247 4153332
1388738307 4153332
1388738367 4153332
1388738427 4153332
1388738487 4153332
1388738547 4153332
1388738607 4153332
1388738667 4153332
1388738727 4153332
1388738787 4153332
1388738847 4153332
1388738907 4153332
1388738967 4153332
1388739027 4153332
1388739087 4153332
1388739147 4153332
1388739207 4153332
1388739267 4153332
1388739327 4153332
1388739387 4153332
1388739447 4153332
1388739507 4153332
1388739567 4153332
1388739867 4153332
1388739927 4153332
1388739987 4153332
1388740047 4153332
1388740107 4153332
1388740167 4153332
1388740227 4153332
1388740287 4153332
1388740347 4153332
1388740407 4153332
1388741067 4153332
1388741127 4153332
1388741187 4153332
1388741247 4153332
1388741307 4153332
1388741367 4153332
1388741427 4153332
1388741487 4153332
1388741547 4153332
1388741607 4153332
1388741667 4153332
1388741727 4153332
1388741787 4153332
1388741847 4153332
1388741907 4153332
1388741967 4153332
1388742027 4153332
1388742087 4153332
1388742147 4153332
1388742207 4153332
1388742267 4153332
1388742327 4153332
1388742387 4153332
1388742447 4153332
1388742493 4153332
1388742553 4153332
1388742613 4153332
1388742673 4153332
1388742733 4153332
1388742793 4153332
1388742853 4153332
1388742913 4153332
1388742973 4153332
1388743033 4153332
1388743093 4153332
1388743153 4153332
1388743213 4153332
