1388731167 4190204
1388731171 4190204
1388731227 4190204
1388731287 4190204
1388731347 4190204
1388731407 4190204
1388731467 4190204
1388731527 4190204
1388731587 4190204
1388731647 4190204
1388731707 4190204
1388731767 4190204
1388731827 4190204
1388731887 4190204
1388731947 4190204
1388732007 4190204
1388732067 4190204
1388732127 4190204
1388732187 4190204
1388732247 4190204
1388732307 4190204
1388732367 4190204
1388732427 4190204
1388732487 4190204
1388732547 4190204
1388732607 4190204
1388732667 4190204
1388732727 4190204
1388732787 4190204
1388732847 4190204
1388732907 4190204
1388732967 4190204
1388733027 4190204
1388733087 4190204
1388733147 4190204
1388733207 4190204
1388733267 4190204
1388733327 4190204
1388733387 4190204
1388733447 4190204
1388733507 4190204
1388733567 4190204
1388733627 4190204
1388733687 4190204
1388733747 4190204
1388733807 4190204
1388733867 4190204
1388733927 4190204
1388733987 4190204
1388734047 4190204
1388734107 4190204
1388734167 4190204
1388734227 4190204
1388734287 4190204
1388734347 4190204
1388734407 4190204
1388734467 4190204
1388734527 4190204
1388734587 4190204
1388734647 4190204
1388734707 4190204
1388734767 4190204
1388734827 4190204
1388734887 4190204
1388734947 4190204
1388735007 4190204
1388735067 4190204
1388735127 4190204
1388735187 4190204
1388735247 4190204
1388735307 4190204
1388735367 4190204
1388735427 4190204
1388735487 4190204
1388735547 4190204
1388735607 4190204
1388735667 4190204
1388735727 4190204
1388735787 4190204
1388735847 4190204
1388735907 4190204
1388735967 4190204
1388736027 4190204
1388736087 4190204
1388736147 4190204
1388736207 4190204
1388736267 4190204
1388736327 4190204
1388736387 4190204
1388736447 4190204
1388736507 4190204
1388736567 4190204
1388736627 4190204
1388736687 4190204
1388736747 4190204
1388736807 4190204
1388736867 4190204
1388736927 4190204
1388736987 4190204
1388737047 4190204
1388737107 4190204
1388737167 4190204
1388737227 4190204
1388737287 4190204
1388737347 4190204
1388737407 4190204
1388737467 4190204
1388737527 4190204
1388737587 4190204
1388737647 4190204
1388737707 4190204
1388737767 4190204
1388737827 4190204
1388737887 4190204
1388737947 4190204
1388738007 4190204
1388738067 4190204
1388738127 4190204
1388738187 4190204
1388738247 4190204
1388738307 4190204
1388738367 4190204
1388738427 4190204
1388738487 4190204
1388738547 4190204
1388738607 4190204
1388738667 4190204
1388738727 4190204
1388738787 4190204
1388738847 4190204
1388738907 4190204
1388738967 4190204
1388739027 4190204
1388739087 4190204
1388739147 4190204
1388739207 4190204
1388739267 4190204
1388739327 4190204
1388739387 4190204
1388739447 4190204
1388739507 4190204
1388739567 4190204
1388739867 4190204
1388739927 4190204
1388739987 4190204
1388740047 4190204
1388740107 4190204
1388740167 4190204
1388740227 4190204
1388740287 4190204
1388740347 4190204
1388740407 4190204
1388741067 4190204
1388741127 4190204
1388741187 4190204
1388741247 4190204
1388741307 4190204
1388741367 4190204
1388741427 4190204
1388741487 4190204
1388741547 4190204
1388741607 4190204
1388741667 4190204
1388741727 4190204
1388741787 4190204
1388741847 4190204
1388741907 4190204
1388741967 4190204
1388742027 4190204
1388742087 4190204
1388742147 4190204
1388742207 4190204
1388742267 4190204
1388742327 4190204
1388742387 4190204
1388742447 4190204
1388742493 4190204
1388742553 4190204
1388742613 4190204
1388742673 4190204
1388742733 4190204
1388742793 4190204
1388742853 4190204
1388742913 4190204
1388742973 4190204
1388743033 4190204
1388743093 4190204
1388743153 4190204
1388743213 4190204
