1388731167 8177236
1388731171 8177236
1388731227 8177236
1388731287 8177236
1388731347 8177236
1388731407 8177236
1388731467 8177236
1388731527 8177236
1388731587 8177236
1388731647 8177236
1388731707 8177236
1388731767 8177236
1388731827 8177236
1388731887 8177236
1388731947 8177236
1388732007 8177236
1388732067 8177236
1388732127 8177236
1388732187 8177236
1388732247 8177236
1388732307 8177236
1388732367 8177236
1388732427 8177236
1388732487 8177236
1388732547 8177236
1388732607 8177236
1388732667 8177236
1388732727 8177236
1388732787 8177236
1388732847 8177236
1388732907 8177236
1388732967 8177236
1388733027 8177236
1388733087 8177236
1388733147 8177236
1388733207 8177236
1388733267 8177236
1388733327 8177236
1388733387 8177236
1388733447 8177236
1388733507 8177236
1388733567 8177236
1388733627 8177236
1388733687 8177236
1388733747 8177236
1388733807 8177236
1388733867 8177236
1388733927 8177236
1388733987 8177236
1388734047 8177236
1388734107 8177236
1388734167 8177236
1388734227 8177236
1388734287 8177236
1388734347 8177236
1388734407 8177236
1388734467 8177236
1388734527 8177236
1388734587 8177236
1388734647 8177236
1388734707 8177236
1388734767 8177236
1388734827 8177236
1388734887 8177236
1388734947 8177236
1388735007 8177236
1388735067 8177236
1388735127 8177236
1388735187 8177236
1388735247 8177236
1388735307 8177236
1388735367 8177236
1388735427 8177236
1388735487 8177236
1388735547 8177236
1388735607 8177236
1388735667 8177236
1388735727 8177236
1388735787 8177236
1388735847 8177236
1388735907 8177236
1388735967 8177236
1388736027 8177236
1388736087 8177236
1388736147 8177236
1388736207 8177236
1388736267 8177236
1388736327 8177236
1388736387 8177236
1388736447 8177236
1388736507 8177236
1388736567 8177236
1388736627 8177236
1388736687 8177236
1388736747 8177236
1388736807 8177236
1388736867 8177236
1388736927 8177236
1388736987 8177236
1388737047 8177236
1388737107 8177236
1388737167 8177236
1388737227 8177236
1388737287 8177236
1388737347 8177236
1388737407 8177236
1388737467 8177236
1388737527 8177236
1388737587 8177236
1388737647 8177236
1388737707 8177236
1388737767 8177236
1388737827 8177236
1388737887 8177236
1388737947 8177236
1388738007 8177236
1388738067 8177236
1388738127 8177236
1388738187 8177236
1388738247 8177236
1388738307 8177236
1388738367 8177236
1388738427 8177236
1388738487 8177236
1388738547 8177236
1388738607 8177236
1388738667 8177236
1388738727 8177236
1388738787 8177236
1388738847 8177236
1388738907 8177236
1388738967 8177236
1388739027 8177236
1388739087 8177236
1388739147 8177236
1388739207 8177236
1388739267 8177236
1388739327 8177236
1388739387 8177236
1388739447 8177236
1388739507 8177236
1388739567 8177236
1388739867 8177236
1388739927 8177236
1388739987 8177236
1388740047 8177236
1388740107 8177236
1388740167 8177236
1388740227 8177236
1388740287 8177236
1388740347 8177236
1388740407 8177236
1388741067 8177236
1388741127 8177236
1388741187 8177236
1388741247 8177236
1388741307 8177236
1388741367 8177236
1388741427 8177236
1388741487 8177236
1388741547 8177236
1388741607 8177236
1388741667 8177236
1388741727 8177236
1388741787 8177236
1388741847 8177236
1388741907 8177236
1388741967 8177236
1388742027 8177236
1388742087 8177236
1388742147 8177236
1388742207 8177236
1388742267 8177236
1388742327 8177236
1388742387 8177236
1388742447 8177236
1388742493 8177236
1388742553 8177236
1388742613 8177236
1388742673 8177236
1388742733 8177236
1388742793 8177236
1388742853 8177236
1388742913 8177236
1388742973 8177236
1388743033 8177236
1388743093 8177236
1388743153 8177236
1388743213 8177236
