1388731167 7724360
1388731171 7724360
1388731227 7723896
1388731287 7726524
1388731347 7726276
1388731407 7726680
1388731467 7726736
1388731527 7727380
1388731587 7727544
1388731647 7728072
1388731707 7727648
1388731767 7728012
1388731827 7728284
1388731887 7728044
1388731947 7722200
1388732007 7722564
1388732067 7722688
1388732127 7723556
1388732187 7723688
1388732247 7724076
1388732307 7724572
1388732367 7724588
1388732427 7725744
1388732487 7725280
1388732547 7725868
1388732607 7721916
1388732667 7722692
1388732727 7723204
1388732787 7722732
1388732847 7723432
1388732907 7723432
1388732967 7725368
1388733027 7725020
1388733087 7725432
1388733147 7726200
1388733207 7726400
1388733267 7726152
1388733327 7726548
1388733387 7727904
1388733447 7728276
1388733507 7728044
1388733567 7729084
1388733627 7729308
1388733687 7729680
1388733747 7729944
1388733807 7730932
1388733867 7730924
1388733927 7731312
1388733987 7731816
1388734047 7732708
1388734107 7733204
1388734167 7733196
1388734227 7734156
1388734287 7735032
1388734347 7734544
1388734407 7730344
1388734467 7731220
1388734527 7731168
1388734587 7733020
1388734647 7733896
1388734707 7732672
1388734767 7733696
1388734827 7733828
1388734887 7734084
1388734947 7734016
1388735007 7734280
1388735067 7734528
1388735127 7735264
1388735187 7735652
1388735247 7736684
1388735307 7750224
1388735367 7752860
1388735427 7749452
1388735487 7752684
1388735547 7754296
1388735607 7748328
1388735667 7751220
1388735727 7755096
1388735787 7755616
1388735847 7757848
1388735907 7756576
1388735967 7757220
1388736027 7757020
1388736087 7757576
1388736147 7757384
1388736207 7758656
1388736267 7754564
1388736327 7754240
1388736387 7747512
1388736447 7747792
1388736507 7746980
1388736567 7746988
1388736627 7749360
1388736687 7748740
1388736747 7749376
1388736807 7751516
1388736867 7750364
1388736927 7752124
1388736987 7753248
1388737047 7753132
1388737107 7753536
1388737167 7751800
1388737227 7753924
1388737287 7752684
1388737347 7762644
1388737407 7763220
1388737467 7763360
1388737527 7756548
1388737587 7757292
1388737647 7757440
1388737707 7757124
1388737767 7758520
1388737827 7759148
1388737887 7758412
1388737947 7759180
1388738007 7759104
1388738067 7760640
1388738127 7755408
1388738187 7755696
1388738247 7757316
1388738307 7756116
1388738367 7756380
1388738427 7758116
1388738487 7757520
1388738547 7756900
1388738607 7759784
1388738667 7758824
1388738727 7759832
1388738787 7759700
1388738847 7759964
1388738907 7760700
1388738967 7761096
1388739027 7760872
1388739087 7760640
1388739147 7770384
1388739207 7770880
1388739267 7770012
1388739327 7770136
1388739387 7771160
1388739447 7773060
1388739507 7773216
1388739567 7773032
1388739867 7775412
1388739927 7775528
1388739987 7773048
1388740047 7774528
1388740107 7774536
1388740167 7772452
1388740227 7773724
1388740287 7773780
1388740347 7774416
1388740407 7775400
1388741067 7780732
1388741127 7780452
1388741187 7780392
1388741247 7781400
1388741307 7781532
1388741367 7781920
1388741427 7782912
1388741487 7782836
1388741547 7782056
1388741607 7783064
1388741667 7784180
1388741727 7783404
1388741787 7783736
1388741847 7781140
1388741907 7780784
1388741967 7782280
1388742027 7781536
1388742087 7781848
1388742147 7781988
1388742207 7783400
1388742267 7783192
1388742327 7783572
1388742387 7783348
1388742447 7785612
1388742493 7785860
1388742553 7786348
1388742613 7785876
1388742673 7779596
1388742733 7777636
1388742793 7787168
1388742853 7787120
1388742913 7788484
1388742973 7789128
1388743033 7789192
1388743093 7790548
1388743153 7790820
1388743213 7789720
